0.918577 
0.839656 
0.396039 
0.263588 
0.0638752 
0.914792 
0.725394 
0.347606 
0.386761 
0.848323 
0.337443 
0.916288 
0.53853 
0.602863 
0.0946684 
0.630726 
0.290262 
0.101962 
0.0160833 
0.565325 
0.524705 
0.879574 
0.453536 
0.303659 
0.0737327 
0.192328 
0.879543 
0.200201 
0.0579241 
0.626484 
0.192419 
0.0895413 
0.884182 
0.729362 
0.945708 
0.224006 
0.557756 
0.698416 
0.406995 
0.720969 
0.465285 
0.657491 
0.853816 
0.301279 
0.284524 
0.552416 
0.0113834 
0.599994 
0.177221 
0.19718 
